%plotCDS_SCC_MeanOrientations3D.m
%
%calls: PlotCircleOnArbSphereAroundXYZ

%plots CDS's mean human SC orientations in a nice 3D plot with Reid's axes
%shown.

% by C Della Santina 12/03/04
% These are the renormalized vectors from from load('Analysis of VITREA DATA-NSCD');
% these are the >> [RenormalizedOverallMeanNormals, -1*RenormalizedOverallMeanNormals]
%from my Orientation of Human SCC paper as submitted to JARO, after renormalization
NormalsNames= [        ' +X'     ' +Y'     ' +Z'     '+LA'      '+LH'     '+LP'      '-RA'    '-RH'    '-RP'];
MeanAllnormals =  [       1         0        0      -0.5893    -0.3227   -0.6943   -0.5893   -0.3227   -0.6943;...
                          0         1        0       0.7884    -0.0384   -0.6670   -0.7884    0.0384    0.6670;...
                          0         0        1      -0.1765     0.9457   -0.2704   -0.1765    0.9457   -0.2704];  
StDvRenormedNmls= [       0         0        0       0.0730    0.1224    0.0665    0.0703    0.1224    0.0665;...
                          0         0        0       0.0552    0.0996    0.0661    0.0552    0.0996    0.0661;...
                          0         0        0       0.1057    0.0451    0.1097    0.1057    0.0451    0.1097];

StdDvAllangles =...
   [0.0000         0         0    4.2326    5.3480    5.0052    5.8956    6.2236    5.3279    0.2709;...
         0    0.0000    0.0000    4.8127    7.8355    5.5815    5.7279    7.3122    5.1656    0.5705;...
         0    0.0000    0.0000    5.7219    7.3683    6.4943    6.7667    6.8524    6.7750    0.3613;...
    4.2326    4.8127    5.7219    0.3806    6.2655    3.6854    9.5043    9.7071    7.1208    5.6465;...
    5.3480    7.8355    7.3683    6.2655    0.3606    4.6200   10.4801    6.9215    9.0185    7.4464;...
    5.0052    5.5815    6.4943    3.6854    4.6200    0.2693    7.3612    9.1711    9.6960    6.4149;...
    5.8956    5.7279    6.7667    9.5043   10.4801    7.3612    0.3862    6.2806    4.3307    6.5301;...
    6.2236    7.3122    6.8524    9.7071    6.9215    9.1711    6.2806    0.3406    5.1706    6.8038;...
    5.3279    5.1656    6.7750    7.1208    9.0185    9.6960    4.3307    5.1706    0.4004    6.9082;...
    0.2709    0.5705    0.3613    5.6465    7.4464    6.4149    6.5301    6.8038    6.9082    0.3690];
    
hold on
[xx,yy,zz]=sphere(40);
surf(xx/2,yy/2,zz/2);
colormap(white);
hold on
hand= plot3([0 MeanAllnormals(1,1)],[0 MeanAllnormals(2,1)],[0 MeanAllnormals(3,1)],'k',...
            [0 MeanAllnormals(1,2)],[0 MeanAllnormals(2,2)],[0 MeanAllnormals(3,2)],'k',...
            [0 MeanAllnormals(1,3)],[0 MeanAllnormals(2,3)],[0 MeanAllnormals(3,3)],'k',...
            [0 MeanAllnormals(1,4)],[0 MeanAllnormals(2,4)],[0 MeanAllnormals(3,4)],'b',... %left = cyan
            [0 MeanAllnormals(1,5)],[0 MeanAllnormals(2,5)],[0 MeanAllnormals(3,5)],'b',...
            [0 MeanAllnormals(1,6)],[0 MeanAllnormals(2,6)],[0 MeanAllnormals(3,6)],'b',...
            [0 MeanAllnormals(1,7)],[0 MeanAllnormals(2,7)],[0 MeanAllnormals(3,7)],'r',... %right = black
            [0 MeanAllnormals(1,8)],[0 MeanAllnormals(2,8)],[0 MeanAllnormals(3,8)],'r',...
            [0 MeanAllnormals(1,9)],[0 MeanAllnormals(2,9)],[0 MeanAllnormals(3,9)],'r');
set (hand, 'Linewidth', 2);
grid on;
hold on; %we'll keep adding to this plot
view(-120,25);
axis ([-1 1 -1 1 -1 1]);
title('Mean SCC Normals - 22 Normal Human Subjects');
axis square
text(MeanAllnormals(1,:)*1.1,MeanAllnormals(2,:)*1.1,MeanAllnormals(3,:)*1.1,...
    [' +X';' +Y';' +Z';'+LA';'+LH';'+LP';'-RA';'-RH';'-RP'],'FontWeight','bold');
clear xx yy zz ans ii jj
h=PlotCircleOnArbSphereAroundXYZ(MeanAllnormals(:,4),pi*sqrt(sum((StdDvAllangles(1:3,4)).^2)/3)/180,0.5,'b');set (h, 'Linewidth', 1.5);
h=PlotCircleOnArbSphereAroundXYZ(MeanAllnormals(:,5),pi*sqrt(sum((StdDvAllangles(1:3,5)).^2)/3)/180,0.5,'b');set (h, 'Linewidth', 1.5);
h=PlotCircleOnArbSphereAroundXYZ(MeanAllnormals(:,6),pi*sqrt(sum((StdDvAllangles(1:3,6)).^2)/3)/180,0.5,'b');set (h, 'Linewidth', 1.5);
h=PlotCircleOnArbSphereAroundXYZ(MeanAllnormals(:,7),pi*sqrt(sum((StdDvAllangles(1:3,7)).^2)/3)/180,0.5,'r');set (h, 'Linewidth', 1.5);
h=PlotCircleOnArbSphereAroundXYZ(MeanAllnormals(:,8),pi*sqrt(sum((StdDvAllangles(1:3,8)).^2)/3)/180,0.5,'r');set (h, 'Linewidth', 1.5);
h=PlotCircleOnArbSphereAroundXYZ(MeanAllnormals(:,9),pi*sqrt(sum((StdDvAllangles(1:3,9)).^2)/3)/180,0.5,'r');set (h, 'Linewidth', 1.5);




