%first plot real life SCC normals
ev = [0;0;0];


%horizontal
%h = russCirclePlot(2, [-0.799;0.156;0.565], 'r', [-0.491;0.729;-0.476], 'b', [-0.322;-0.673;-0.662], 'g', ...
 %               [-0.98869254335791;0.06173769303483;0.13665837686434], 'y',[-0.99429752335172;0.10491420991097;...
     %           -0.01911657959435],'c');

%superior
%h = russCirclePlot(2, [-0.799;0.156;0.565], 'r', [-0.491;0.729;-0.476], 'b', [-0.322;-0.673;-0.662], 'g', ...
%                [-0.80999235321120;0.46463160956868;-0.35781259777850], 'y',[-0.74370548386716;...
%                0.62994098729161;-0.22377780452043],'c');

%posterior
h = russCirclePlot(2, [-0.799;0.156;0.565], 'r', [-0.491;0.729;-0.476], 'b', [-0.322;-0.673;-0.662], 'g', ...
                [-0.76792093324550;-0.24539672215444;-0.59167380290090], 'y',...
                [-0.79714662020251;-0.31857188670089;-0.51290273824922], 'c');
